0.025 9.71 0.368495166302 
0.025 9.71 0.368495166302 
0.05 9.71 0.733893573284 
0.05 9.71 0.733893573284 
0.075 9.78 1.09797501564 
0.075 9.78 1.09797501564 
0.1 10.02 1.46054625511 
0.1 10.02 1.46054625511 
0.2 21.48 2.89812016487 
0.2 21.48 2.89812016487 
0.25 29.37 3.6101641655 
0.25 29.37 3.6101641655 
0.3 34.13 4.31734704971 
0.3 34.13 4.31734704971 
0.35 36.29 5.02053928375 
0.35 36.29 5.02053928375 
0.4 36.65 5.7194185257 
0.4 36.65 5.7194185257 
0.45 35.92 6.41409111023 
0.45 35.92 6.41409111023 
0.5 34.52 7.1041264534 
0.5 34.52 7.1041264534 
