0.01 0.0 0.76 0.0
0.01 0.5 1.07 0.488015996218
0.01 1.0 1.15 0.976028599143
0.01 1.5 1.33 1.46403205395
0.01 2.0 1.49 1.95199324012
0.01 2.5 1.73 2.43992020845
0.01 3.0 2.2 2.92780572891
0.01 3.5 3.14 3.41565326214
0.01 4.0 4.48 3.90343484163
0.01 4.5 6.56 4.39044137478
0.01 5.0 9.24 4.87378837585
0.01 5.5 12.25 5.34851688385
0.01 6.0 14.9 5.80914115429
0.01 6.5 17.38 6.25139858246
0.01 7.0 20.19 6.67252414227
0.01 7.5 22.18 7.07140375614
0.01 8.0 24.46 7.44763952255
0.01 8.5 26.29 7.80158079147
0.01 9.0 28.16 8.13449832439
