1.0 0.0 0.79
1.0 0.333333333333 1.74
1.0 0.666666666667 3.68
1.0 1.0 7.09
1.0 1.33333333333 12.29
1.0 1.66666666667 18.32
1.0 2.0 23.42
1.0 2.33333333333 27.59
1.0 2.66666666667 31.15
1.0 3.0 34.15
1.0 3.33333333333 36.77
1.0 3.66666666667 38.72
1.0 4.0 40.52
1.0 4.33333333333 41.96
1.0 4.66666666667 43.29
1.0 5.0 44.72
1.0 5.33333333333 45.66
1.0 5.66666666667 46.55
1.0 6.0 47.32
1.0 6.33333333333 47.91
1.0 6.66666666667 48.49
1.0 7.0 48.93
1.0 7.33333333333 49.33
1.0 7.66666666667 49.7
1.0 8.0 50.05
