0.01 0.0 0.79 0.0
0.01 0.5 3.1 0.449160616696
0.01 1.0 9.77 0.889498918653
0.01 1.5 23.5 1.32307137847
0.01 2.0 40.28 1.74948989034
0.01 2.5 55.18 2.16769123077
0.01 3.0 66.56 2.57688826561
0.01 3.5 74.38 2.97585442543
0.01 4.0 78.79 3.3636043191
0.01 4.5 81.11 3.73845141172
0.01 5.0 82.09 4.09872052431
0.01 5.5 82.43 4.44357282639
0.01 6.0 82.38 4.77263222694
0.01 6.5 81.86 5.08586450577
0.01 7.0 81.53 5.38352711678
0.01 7.5 80.74 5.66629933834
0.01 8.0 80.25 5.93472643852
0.01 8.5 79.94 6.18959825993
0.01 9.0 79.59 6.43149403572
