0.01 0.0 0.84 0.0
0.01 0.5 1.86 0.38005294621
0.01 1.0 2.39 0.752729547024
0.01 1.5 2.87 1.11261516094
0.01 2.0 3.31 1.45785956264
0.01 2.5 3.61 1.78859586716
0.01 3.0 4.21 2.10629670978
0.01 3.5 4.89 2.4119944644
0.01 4.0 5.34 2.70783724546
0.01 4.5 6.1 2.99519865751
0.01 5.0 6.93 3.27526879549
0.01 5.5 7.9 3.54887321234
0.01 6.0 9.03 3.81667698145
0.01 6.5 10.33 4.07897184134
0.01 7.0 11.45 4.33584815741
0.01 7.5 12.63 4.587166152
0.01 8.0 13.9 4.83265367985
0.01 8.5 14.82 5.07195802212
0.01 9.0 16.14 5.30481813908
