0.01 0.0 0.85 0.0
0.01 0.5 2.01 0.457344533503
0.01 1.0 3.07 0.903011648059
0.01 1.5 4.14 1.32879752994
0.01 2.0 5.04 1.73409186602
0.01 2.5 5.94 2.11986613393
0.01 3.0 6.94 2.4888015604
0.01 3.5 8.28 2.84351367474
0.01 4.0 9.92 3.1865307951
0.01 4.5 11.9 3.51906480551
0.01 5.0 13.93 3.84138221502
0.01 5.5 15.94 4.15327342033
0.01 6.0 18.28 4.45457426071
0.01 6.5 20.2 4.74520154476
0.01 7.0 22.1 5.0253757143
0.01 7.5 24.09 5.29528866768
0.01 8.0 25.82 5.55515089512
0.01 8.5 27.52 5.80537334442
0.01 9.0 29.2 6.04634452343
