0.01 0.0 0.79 0.0
0.01 0.025 2.33 0.517624933209
0.01 0.05 5.45 1.03159859061
0.01 0.075 11.31 1.54387972895
0.01 0.1 20.72 2.05428561644
0.01 0.2 75.32 4.08000739112
0.01 0.25 88.36 5.08436431363
0.01 0.3 92.94 6.08250689147
0.01 0.35 93.9 7.07552002855
0.01 0.4 93.89 8.06298929659
0.01 0.45 93.23 9.04496357977
0.01 0.5 92.45 10.02085631
0.01 0.3 92.99 6.07281463007
0.01 0.3 96.0 6.15302430334
0.01 0.3 92.5 5.99990963138
0.01 0.3 92.5 5.99990963138
0.01 0.3 92.5 5.99990963138
0.01 0.3 92.5 5.99990963138
