0.025 2.16 0.454947642973 
0.05 4.0 0.877723199296 
0.075 7.17 1.30014346293 
0.1 12.55 1.71225644975 
0.15 26.43 2.44359919855 
0.2 39.69 3.01078703036 
0.25 49.83 3.41220776176 
0.3 57.79 3.66167899025 
0.35 57.79 3.66168000684 
0.4 57.79 3.6616806879 
0.45 57.79 3.66167899025 
0.5 57.79 3.66168014632 
0.3 4.1 0.733101010323 
0.3 79.1 4.16822624207 
0.3 79.1 4.16822624207 
0.3 9.8 1.35330343246 
0.3 79.1 4.16822624207 
0.3 79.1 4.16822624207 
0.3 79.1 4.16822624207 
0.3 79.1 4.16822624207 
0.3 79.1 4.16822624207 
