0.025 2.45 0.515002032433 
0.05 7.12 1.01237410756 
0.075 18.91 1.44584637469 
0.1 41.26 1.78914796724 
0.15 91.35 2.08744581877 
0.2 99.83 2.12546364715 
0.25 99.99 2.12691239124 
0.3 100.0 2.12694302478 
0.35 100.0 2.12694302478 
0.4 100.0 2.12694302478 
0.45 100.0 2.12694302478 
0.5 100.0 2.12694302478 
0.3 100.0 2.05195975304 
0.3 100.0 2.05195975304 
0.3 0.0 0.971515417099 
0.3 100.0 2.0512444973 
0.3 100.0 2.44150495529 
0.3 100.0 2.40328812599 
0.3 100.0 2.40328812599 
0.3 100.0 2.01497030258 
0.3 100.0 2.01497030258 
0.3 100.0 2.01497030258 
0.3 100.0 2.01497030258 
0.3 100.0 2.01497030258 
