0.0 0.79 0.0 
0.025 2.46 0.523541758994 
0.05 7.25 1.04025994615 
0.075 20.1 1.52586915446 
0.1 43.93 1.99830934436 
0.15 89.67 2.85458412022 
0.2 98.67 3.53535066986 
0.25 99.58 4.03973753741 
0.3 99.74 4.39269667668 
0.35 99.74 4.39269667668 
0.4 99.74 4.39269667668 
0.45 99.74 4.39269667668 
0.5 99.74 4.39269755808 
0.025 2.9 0.521558940411 
0.05 9.0 1.03757917881 
0.075 24.3 1.52131128311 
0.1 48.7 1.99007940292 
0.15 91.7 2.84206295013 
0.2 98.9 3.51923584938 
0.25 99.3 4.02200269699 
0.3 99.5 4.37382793427 
0.35 99.5 4.37382793427 
0.4 99.5 4.37382793427 
0.45 99.5 4.37382793427 
0.5 99.5 4.37382793427 
0.3 99.9 4.89862394333 
0.3 100.0 4.99976539612 
0.3 100.0 4.90808773041 
0.3 100.0 4.90808773041 
0.3 100.0 4.90808773041 
