0.00 0.00 20.86 0.00 
4.00 0.00 21.72 220.69 
8.00 0.00 22.86 440.48 
12.00 0.00 24.64 659.39 
16.00 0.00 26.92 877.32 
20.00 0.00 29.45 1094.13 
24.00 0.00 32.85 1309.70 
28.00 0.00 36.39 1523.91 
32.00 0.00 40.36 1736.61 
0.00 0.00 20.86 0.00 
4.00 0.00 21.72 220.69 
8.00 0.00 22.86 440.48 
12.00 0.00 24.64 659.39 
16.00 0.00 26.92 877.32 
20.00 0.00 29.45 1094.13 
24.00 0.00 32.85 1309.70 
28.00 0.00 36.39 1523.91 
32.00 0.00 40.36 1736.61 
0.00 0.00 20.86 0.00 
4.00 0.00 21.72 220.69 
8.00 0.00 22.86 440.48 
12.00 0.00 24.64 659.39 
16.00 0.00 26.92 877.32 
20.00 0.00 29.45 1094.13 
24.00 0.00 32.85 1309.70 
28.00 0.00 36.39 1523.91 
32.00 0.00 40.36 1736.61 
