0.01 4.0 78.7 219.72109748
0.01 8.0 86.8 438.333496923
0.01 12.0 89.9 655.845145152
0.01 16.0 90.3 872.120254758
0.01 20.0 90.3 1086.9979946
0.01 24.0 90.4 1300.37965565 
0.01 28.0 90.3 1512.16412929  
0.01 32.0 90.2 1722.24614888 
16.0 90.3 872.120113714 
8.0 92.0 438.25151467 
8.0 100.0 442.649974585 
8.0 92.0 438.25151467 
8.0 92.0 438.25151467 
8.0 90.0 376.849907568 
8.0 90.0 376.849907568 
8.0 100.0 442.705319598 
8.0 100.0 442.705319598 
8.0 100.0 442.705319598 
8.0 100.0 442.705319598 
8.0 100.0 442.705319598 
8.0 100.0 442.705319598 
8.0 100.0 442.705319598 
