0.025 9.71 0.368495166302 
0.05 9.71 0.733893573284 
0.075 9.78 1.09797501564 
0.1 10.02 1.46054625511 
0.2 21.48 2.89812016487 
0.25 29.37 3.6101641655 
0.3 34.13 4.31734704971 
0.35 36.29 5.02053928375 
0.4 36.65 5.7194185257 
0.45 35.92 6.41409111023 
0.5 34.52 7.1041264534 
0.025 6.0 0.48406496644 
0.05 7.0 0.96550321579 
0.075 8.0 1.44540071487 
0.1 10.0 1.92368137836 
0.15 13.0 2.87626576424 
0.2 27.0 3.82380986214 
0.25 32.0 4.76662015915 
0.3 30.0 5.70444536209 
0.35 26.0 6.63749408722 
0.4 26.0 7.56536388397 
0.45 27.0 8.48798084259 
0.5 25.0 9.4052772522 
0.3 33.0 6.08215999603 
