0.00 0.00 0.76 0.00 
0.00 0.33 0.79 0.25 
0.00 0.67 0.80 0.50 
0.00 1.00 0.79 0.75 
0.00 1.33 0.79 0.99 
0.00 1.67 0.82 1.24 
0.00 2.00 0.82 1.48 
0.00 2.33 0.82 1.72 
0.00 2.67 0.77 1.97 
0.00 3.00 0.82 2.21 
0.00 3.33 0.82 2.45 
0.00 3.67 0.79 2.69 
0.00 4.00 0.83 2.93 
0.00 4.33 0.75 3.17 
0.00 4.67 0.82 3.41 
0.00 5.00 0.90 3.65 
0.00 5.33 0.84 3.89 
0.00 5.67 0.90 4.13 
0.00 6.00 1.02 4.36 
0.00 6.33 1.05 4.60 
0.00 6.67 1.27 4.84 
0.00 7.00 1.40 5.07 
0.00 7.33 1.72 5.30 
0.00 7.67 1.94 5.54 
0.00 8.00 2.51 5.77 
0.00 8.33 3.13 6.00 
0.00 8.67 3.94 6.23 
0.00 9.00 5.14 6.46 

 
