0.00 0.00 0.84 0.00 
0.00 0.33 0.90 0.25 
0.00 0.67 1.04 0.50 
0.00 1.00 1.10 0.75 
0.00 1.33 1.12 0.99 
0.00 1.67 1.19 1.24 
0.00 2.00 1.20 1.48 
0.00 2.33 1.24 1.72 
0.00 2.67 1.28 1.97 
0.00 3.00 1.44 2.21 
0.00 3.33 1.38 2.45 
0.00 3.67 1.40 2.69 
0.00 4.00 1.49 2.93 
0.00 4.33 1.47 3.17 
0.00 4.67 1.44 3.41 
0.00 5.00 1.66 3.65 
0.00 5.33 1.66 3.89 
0.00 5.67 1.73 4.13 
0.00 6.00 1.81 4.36 
0.00 6.33 2.01 4.60 
0.00 6.67 2.01 4.84 
0.00 7.00 2.21 5.07 
0.00 7.33 2.59 5.30 
0.00 7.67 2.87 5.54 
0.00 8.00 3.23 5.77 
0.00 8.33 3.81 6.00 
0.00 8.67 4.98 6.23 
0.00 9.00 6.13 6.46 

 
