0.00 0.00 0.79 0.00 
0.00 0.33 0.80 0.25 
0.00 0.67 0.76 0.50 
0.00 1.00 0.81 0.75 
0.00 1.33 0.78 0.99 
0.00 1.67 0.86 1.24 
0.00 2.00 0.86 1.48 
0.00 2.33 0.86 1.72 
0.00 2.67 0.94 1.97 
0.00 3.00 0.88 2.21 
0.00 3.33 0.93 2.45 
0.00 3.67 0.89 2.69 
0.00 4.00 0.98 2.93 
0.00 4.33 1.09 3.17 
0.00 4.67 1.15 3.41 
0.00 5.00 1.14 3.65 
0.00 5.33 1.36 3.89 
0.00 5.67 1.39 4.13 
0.00 6.00 1.53 4.36 
0.00 6.33 1.59 4.60 
0.00 6.67 2.03 4.84 
0.00 7.00 2.20 5.07 
0.00 7.33 2.75 5.30 
0.00 7.67 2.72 5.54 
0.00 8.00 3.47 5.77 
0.00 8.33 4.34 6.00 
0.00 8.67 4.89 6.23 
0.00 9.00 6.01 6.46 

 
