0.00 0.00 0.79 0.00 
0.03 0.00 0.79 0.00 
0.05 0.00 0.79 0.00 
0.08 0.00 0.79 0.00 
0.10 0.00 0.79 0.00 
0.20 0.00 0.80 0.00 
0.25 0.00 0.82 0.00 
0.30 0.00 0.84 0.01 
0.35 0.00 0.83 0.01 
0.40 0.00 0.85 0.01 
0.45 0.00 0.87 0.01 
0.50 0.00 0.88 0.01 
0.00 0.00 0.13 0.00 
0.03 0.00 0.10 0.00 
0.05 0.00 0.07 0.00 
0.08 0.00 0.11 0.00 
0.10 0.00 0.12 0.00 
0.20 0.00 0.09 0.00 
0.25 0.00 0.07 0.00 
0.30 0.00 0.14 0.01 
0.35 0.00 0.08 0.01 
0.40 0.00 0.05 0.01 
0.45 0.00 0.13 0.01 
0.50 0.00 0.16 0.01 
0.00 0.00 0.13 0.00 
0.03 0.00 0.12 0.48 
0.05 0.00 0.11 0.95 
0.08 0.00 0.23 1.42 
0.10 0.00 0.29 1.89 
0.20 0.00 3.41 3.74 
0.25 0.00 8.30 4.66 
0.30 0.00 15.02 5.56 
0.35 0.00 21.61 6.47 
0.40 0.00 28.03 7.36 
0.45 0.00 33.57 8.23 
0.50 0.00 38.29 9.12 
