0.00 0.00 0.26 0.00 
0.03 0.00 0.67 0.48 
0.05 0.00 1.40 0.95 
0.08 0.00 3.35 1.42 
0.10 0.00 8.38 1.89 
0.20 0.00 39.00 3.74 
0.25 0.00 49.87 4.66 
0.30 0.00 59.83 5.57 
0.35 0.00 66.21 6.47 
0.40 0.00 69.09 7.36 
0.45 0.00 72.78 8.25 
0.50 0.00 74.46 9.14 
0.00 0.00 0.26 0.00 
0.03 0.00 0.67 0.48 
0.05 0.00 1.40 0.95 
0.08 0.00 3.35 1.42 
0.10 0.00 8.38 1.89 
0.20 0.00 39.00 3.74 
0.25 0.00 49.87 4.66 
0.30 0.00 59.83 5.57 
0.35 0.00 66.21 6.47 
0.40 0.00 69.09 7.36 
0.45 0.00 72.78 8.25 
0.50 0.00 74.46 9.14 
